30
0 0 n 0
0 1 w 0
0 2 l 0
0 3 r 0
0 4 b 0
0 5 b 0
0 6 m 0
0 7 q 0
0 8 b 0
0 9 h 0
0 10 c 0
0 11 d 0
0 12 a 0
0 13 r 0
0 14 z 0
0 15 o 0
0 16 w 0
0 17 k 0
0 18 k 0
0 19 y 0
0 20 h 0
0 21 i 0
0 22 d 0
0 23 d 0
0 24 q 0
0 25 s 0
0 26 c 0
0 27 d 0
0 28 x 0
0 29 r 0
1 0 j 0
1 1 m 0
1 2 o 0
1 3 w 0
1 4 f 0
1 5 r 0
1 6 x 0
1 7 s 0
1 8 j 0
1 9 y 0
1 10 b 0
1 11 l 0
1 12 d 0
1 13 b 0
1 14 e 0
1 15 f 0
1 16 s 0
1 17 a 0
1 18 r 0
1 19 c 0
1 20 b 0
1 21 y 0
1 22 n 0
1 23 e 0
1 24 c 0
1 25 d 0
1 26 y 0
1 27 g 0
1 28 g 0
1 29 x 0
2 0 x 0
2 1 p 0
2 2 k 0
2 3 l 0
2 4 o 0
2 5 r 0
2 6 e 0
2 7 l 0
2 8 l 0
2 9 n 0
2 10 m 0
2 11 p 0
2 12 a 0
2 13 p 0
2 14 q 0
2 15 f 0
2 16 w 0
2 17 k 0
2 18 h 0
2 19 o 0
2 20 p 0
2 21 k 0
2 22 m 0
2 23 c 0
2 24 o 0
2 25 q 0
2 26 h 0
2 27 n 0
2 28 w 0
2 29 n 0
3 0 k 0
3 1 u 0
3 2 e 0
3 3 w 0
3 4 h 0
3 5 s 0
3 6 q 0
3 7 m 0
3 8 g 0
3 9 b 0
3 10 b 0
3 11 u 0
3 12 q 0
3 13 c 0
3 14 l 0
3 15 j 0
3 16 j 0
3 17 i 0
3 18 v 0
3 19 s 0
3 20 w 0
3 21 m 0
3 22 d 0
3 23 k 0
3 24 q 0
3 25 t 0
3 26 b 0
3 27 x 0
3 28 i 0
3 29 x 0
4 0 m 0
4 1 v 0
4 2 t 0
4 3 r 0
4 4 r 0
4 5 b 0
4 6 l 0
4 7 j 0
4 8 p 0
4 9 t 0
4 10 n 0
4 11 s 0
4 12 n 0
4 13 f 0
4 14 w 0
4 15 z 0
4 16 q 0
4 17 f 0
4 18 j 0
4 19 m 0
4 20 a 0
4 21 f 0
4 22 a 0
4 23 d 0
4 24 r 0
4 25 r 0
4 26 w 0
4 27 s 0
4 28 o 0
4 29 f 0
5 0 s 0
5 1 b 0
5 2 c 0
5 3 n 0
5 4 u 0
5 5 v 0
5 6 q 0
5 7 h 0
5 8 f 0
5 9 f 0
5 10 b 0
5 11 s 0
5 12 a 0
5 13 q 0
5 14 x 0
5 15 w 0
5 16 p 0
5 17 q 0
5 18 c 0
5 19 a 0
5 20 c 0
5 21 e 0
5 22 h 0
5 23 c 0
5 24 h 0
5 25 z 0
5 26 v 0
5 27 f 0
5 28 r 0
5 29 k 0
6 0 m 0
6 1 l 0
6 2 n 0
6 3 o 0
6 4 z 0
6 5 j 0
6 6 k 0
6 7 p 0
6 8 q 0
6 9 p 0
6 10 x 0
6 11 r 0
6 12 j 0
6 13 s 1
6 14 k 0
6 15 i 0
6 16 t 0
6 17 z 0
6 18 y 0
6 19 x 0
6 20 a 0
6 21 c 0
6 22 b 0
6 23 h 0
6 24 h 0
6 25 k 0
6 26 i 0
6 27 c 0
6 28 q 0
6 29 c 0
7 0 o 0
7 1 e 0
7 2 n 0
7 3 d 0
7 4 t 0
7 5 o 0
7 6 m 0
7 7 f 0
7 8 g 0
7 9 d 0
7 10 w 0
7 11 d 0
7 12 w 0
7 13 e 1
7 14 c 0
7 15 g 0
7 16 p 0
7 17 x 0
7 18 i 0
7 19 q 0
7 20 v 0
7 21 b 1
7 22 u 0
7 23 y 0
7 24 t 0
7 25 d 0
7 26 l 0
7 27 c 0
7 28 g 0
7 29 d 0
8 0 e 0
8 1 w 0
8 2 e 1
8 3 t 0
8 4 a 0
8 5 c 0
8 6 i 0
8 7 o 0
8 8 h 0
8 9 o 0
8 10 r 0
8 11 d 0
8 12 t 0
8 13 _ 1
8 14 k 0
8 15 v 0
8 16 w 0
8 17 c 0
8 18 s 0
8 19 g 0
8 20 s 0
8 21 b 1
8 22 q 0
8 23 o 0
8 24 q 0
8 25 m 0
8 26 s 0
8 27 b 0
8 28 o 0
8 29 a 0
9 0 g 0
9 1 u 0
9 2 b 1
9 3 n 0
9 4 n 0
9 5 y 0
9 6 q 0
9 7 x 0
9 8 n 0
9 9 z 0
9 10 l 0
9 11 g 0
9 12 d 0
9 13 e 1
9 14 w 0
9 15 p 0
9 16 b 0
9 17 t 0
9 18 r 0
9 19 w 0
9 20 b 0
9 21 b 1
9 22 n 0
9 23 s 0
9 24 a 0
9 25 d 0
9 26 e 0
9 27 u 0
9 28 g 0
9 29 u 0
10 0 u 0
10 1 m 0
10 2 m 1
10 3 q 0
10 4 c 0
10 5 d 0
10 6 r 0
10 7 u 0
10 8 b 0
10 9 e 0
10 10 t 0
10 11 o 0
10 12 k 0
10 13 _ 1
10 14 x 0
10 15 h 0
10 16 o 0
10 17 a 0
10 18 c 0
10 19 h 0
10 20 w 0
10 21 _ 1
10 22 v 0
10 23 m 0
10 24 x 0
10 25 x 0
10 26 r 0
10 27 d 0
10 28 r 0
10 29 y 0
11 0 x 0
11 1 l 0
11 2 o 1
11 3 n 0
11 4 d 0
11 5 q 0
11 6 t 0
11 7 u 0
11 8 k 0
11 9 w 0
11 10 a 0
11 11 g 0
11 12 m 0
11 13 p 1
11 14 e 0
11 15 j 0
11 16 u 0
11 17 u 0
11 18 k 0
11 19 w 0
11 20 c 0
11 21 o 1
11 22 b 0
11 23 x 0
11 24 u 0
11 25 b 0
11 26 u 0
11 27 m 0
11 28 e 0
11 29 n 0
12 0 m 0
12 1 e 0
12 2 t 1
12 3 a 0
12 4 t 0
12 5 d 0
12 6 r 0
12 7 m 0
12 8 y 0
12 9 d 0
12 10 i 0
12 11 a 0
12 12 j 0
12 13 a 1
12 14 l 0
12 15 o 0
12 16 g 0
12 17 h 0
12 18 i 0
12 19 q 0
12 20 f 0
12 21 d 1
12 22 z 0
12 23 h 0
12 24 l 0
12 25 v 0
12 26 i 0
12 27 h 0
12 28 j 0
12 29 o 0
13 0 u 0
13 1 v 0
13 2 s 0
13 3 u 0
13 4 y 0
13 5 o 0
13 6 y 0
13 7 p 0
13 8 a 0
13 9 y 0
13 10 u 0
13 11 l 0
13 12 y 0
13 13 _ 1
13 14 i 0
13 15 m 0
13 16 u 0
13 17 o 0
13 18 t 0
13 19 e 0
13 20 h 0
13 21 z 0
13 22 r 0
13 23 i 0
13 24 i 0
13 25 c 0
13 26 f 0
13 27 s 0
13 28 k 0
13 29 p 0
14 0 g 0
14 1 g 0
14 2 k 0
14 3 b 0
14 4 b 0
14 5 i 0
14 6 p 0
14 7 z 0
14 8 z 0
14 9 r 0
14 10 z 0
14 11 u 0
14 12 c 0
14 13 t 1
14 14 a 0
14 15 m 0
14 16 l 0
14 17 u 0
14 18 d 0
14 19 f 0
14 20 y 0
14 21 k 0
14 22 g 0
14 23 r 0
14 24 u 0
14 25 o 0
14 26 w 0
14 27 z 0
14 28 g 0
14 29 i 0
15 0 o 0
15 1 o 0
15 2 o 0
15 3 b 0
15 4 p 0
15 5 p 0
15 6 l 0
15 7 e 0
15 8 q 0
15 9 l 0
15 10 w 0
15 11 p 0
15 12 h 0
15 13 o 1
15 14 p 0
15 15 j 0
15 16 n 0
15 17 a 0
15 18 d 0
15 19 q 0
15 20 h 0
15 21 d 0
15 22 c 0
15 23 n 0
15 24 v 0
15 25 w 0
15 26 d 0
15 27 t 0
15 28 x 0
15 29 j 0
16 0 b 0
16 1 m 0
16 2 y 0
16 3 i 1
16 4 a 1
16 5 s 1
16 6 h 0
16 7 a 0
16 8 u 0
16 9 x 0
16 10 n 0
16 11 s 0
16 12 p 0
16 13 m 1
16 14 s 0
16 15 g 0
16 16 K 1
16 17 h 0
16 18 i 0
16 19 i 0
16 20 x 0
16 21 q 0
16 22 m 0
16 23 b 0
16 24 f 0
16 25 j 0
16 26 x 0
16 27 j 0
16 28 c 0
16 29 v 0
17 0 u 0
17 1 d 0
17 2 j 0
17 3 s 0
17 4 u 0
17 5 y 0
17 6 i 0
17 7 b 0
17 8 y 0
17 9 e 0
17 10 b 0
17 11 m 0
17 12 w 0
17 13 b 1
17 14 i 0
17 15 q 0
17 16 a 1
17 17 o 0
17 18 y 0
17 19 g 0
17 20 y 0
17 21 x 0
17 22 y 0
17 23 m 0
17 24 z 0
17 25 e 0
17 26 v 0
17 27 y 0
17 28 p 0
17 29 z 0
18 0 v 0
18 1 j 0
18 2 e 0
18 3 g 0
18 4 e 0
18 5 b 0
18 6 e 0
18 7 o 0
18 8 c 0
18 9 f 0
18 10 u 0
18 11 f 0
18 12 t 0
18 13 a 1
18 14 x 0
18 15 d 0
18 16 r 1
18 17 x 0
18 18 t 0
18 19 i 0
18 20 g 0
18 21 s 0
18 22 i 0
18 23 e 0
18 24 e 0
18 25 h 0
18 26 k 0
18 27 c 0
18 28 h 0
18 29 z 0
19 0 d 0
19 1 f 0
19 2 l 0
19 3 i 0
19 4 l 0
19 5 r 0
19 6 j 0
19 7 q 0
19 8 f 0
19 9 n 0
19 10 x 0
19 11 z 0
19 12 t 0
19 13 r 1
19 14 r 0
19 15 s 0
19 16 o 1
19 17 b 0
19 18 s 0
19 19 p 0
19 20 k 0
19 21 y 0
19 22 h 0
19 23 s 0
19 24 e 0
19 25 n 0
19 26 b 0
19 27 p 0
19 28 p 0
19 29 k 0
20 0 q 0
20 1 t 0
20 2 p 0
20 3 d 0
20 4 d 0
20 5 b 0
20 6 u 0
20 7 o 0
20 8 t 0
20 9 b 0
20 10 b 0
20 11 q 0
20 12 c 0
20 13 w 0
20 14 i 0
20 15 v 0
20 16 l 1
20 17 f 0
20 18 x 0
20 19 j 0
20 20 u 0
20 21 j 0
20 22 j 0
20 23 d 0
20 24 d 0
20 25 n 0
20 26 t 0
20 27 g 0
20 28 e 0
20 29 i 0
21 0 q 0
21 1 v 0
21 2 d 0
21 3 g 0
21 4 a 0
21 5 i 0
21 6 j 0
21 7 v 0
21 8 w 0
21 9 c 0
21 10 y 0
21 11 a 0
21 12 u 0
21 13 b 0
21 14 w 0
21 15 e 0
21 16 w 0
21 17 p 0
21 18 j 0
21 19 v 0
21 20 y 0
21 21 g 0
21 22 e 0
21 23 h 0
21 24 l 0
21 25 j 0
21 26 x 0
21 27 e 0
21 28 p 0
21 29 b 0
22 0 p 0
22 1 i 0
22 2 w 0
22 3 u 0
22 4 q 0
22 5 z 0
22 6 d 0
22 7 z 0
22 8 u 0
22 9 b 0
22 10 d 0
22 11 u 0
22 12 b 0
22 13 z 0
22 14 v 0
22 15 a 0
22 16 f 0
22 17 s 0
22 18 p 0
22 19 q 0
22 20 p 0
22 21 q 0
22 22 w 0
22 23 u 0
22 24 z 0
22 25 i 0
22 26 f 0
22 27 w 0
22 28 o 0
22 29 v 0
23 0 y 0
23 1 d 0
23 2 d 0
23 3 w 0
23 4 y 0
23 5 v 0
23 6 v 0
23 7 b 0
23 8 u 0
23 9 r 0
23 10 c 0
23 11 z 0
23 12 m 0
23 13 g 0
23 14 y 0
23 15 j 0
23 16 g 0
23 17 f 0
23 18 d 0
23 19 x 0
23 20 v 0
23 21 t 0
23 22 n 0
23 23 u 0
23 24 n 0
23 25 n 0
23 26 e 0
23 27 s 0
23 28 l 0
23 29 s 0
24 0 p 0
24 1 l 0
24 2 w 0
24 3 u 0
24 4 i 0
24 5 u 0
24 6 p 0
24 7 f 0
24 8 x 0
24 9 l 0
24 10 z 0
24 11 b 0
24 12 k 0
24 13 n 0
24 14 h 0
24 15 k 0
24 16 w 0
24 17 p 0
24 18 p 0
24 19 a 0
24 20 n 0
24 21 l 0
24 22 t 0
24 23 c 0
24 24 f 0
24 25 i 0
24 26 r 0
24 27 j 0
24 28 c 0
24 29 d 0
25 0 d 0
25 1 s 0
25 2 o 0
25 3 z 0
25 4 o 0
25 5 y 0
25 6 v 0
25 7 e 0
25 8 g 0
25 9 u 0
25 10 r 0
25 11 f 0
25 12 w 0
25 13 c 0
25 14 s 0
25 15 f 0
25 16 m 0
25 17 o 0
25 18 x 0
25 19 e 0
25 20 q 0
25 21 m 0
25 22 r 0
25 23 j 0
25 24 o 0
25 25 w 0
25 26 r 0
25 27 g 0
25 28 h 0
25 29 w 0
26 0 l 0
26 1 k 0
26 2 o 0
26 3 b 0
26 4 m 0
26 5 e 0
26 6 a 0
26 7 h 0
26 8 k 0
26 9 g 0
26 10 c 0
26 11 c 0
26 12 n 0
26 13 a 0
26 14 e 0
26 15 h 0
26 16 h 0
26 17 s 0
26 18 v 0
26 19 e 0
26 20 y 0
26 21 m 0
26 22 q 0
26 23 p 0
26 24 x 0
26 25 h 0
26 26 l 0
26 27 r 0
26 28 n 0
26 29 u 0
27 0 n 0
27 1 y 0
27 2 f 0
27 3 d 0
27 4 z 0
27 5 r 0
27 6 h 0
27 7 b 0
27 8 a 0
27 9 s 0
27 10 j 0
27 11 e 0
27 12 u 0
27 13 y 0
27 14 g 0
27 15 a 0
27 16 f 0
27 17 o 0
27 18 u 0
27 19 b 0
27 20 u 0
27 21 t 0
27 22 p 0
27 23 n 0
27 24 i 0
27 25 m 0
27 26 u 0
27 27 w 0
27 28 f 0
27 29 j 0
28 0 q 0
28 1 s 0
28 2 j 0
28 3 x 0
28 4 v 0
28 5 k 0
28 6 q 0
28 7 d 0
28 8 o 0
28 9 r 0
28 10 x 0
28 11 x 0
28 12 v 0
28 13 r 0
28 14 w 0
28 15 c 0
28 16 t 0
28 17 d 0
28 18 s 0
28 19 n 0
28 20 e 0
28 21 o 0
28 22 g 0
28 23 v 0
28 24 b 0
28 25 p 0
28 26 k 0
28 27 x 0
28 28 l 0
28 29 p 0
29 0 g 0
29 1 d 0
29 2 i 0
29 3 r 0
29 4 b 0
29 5 f 0
29 6 c 0
29 7 r 0
29 8 i 0
29 9 q 0
29 10 i 0
29 11 f 0
29 12 p 0
29 13 g 0
29 14 y 0
29 15 n 0
29 16 k 0
29 17 r 0
29 18 r 0
29 19 e 0
29 20 f 0
29 21 x 0
29 22 s 0
29 23 n 0
29 24 v 0
29 25 u 0
29 26 c 0
29 27 f 0
29 28 t 0
29 29 p 0
